57567
57576
89403
89404
89405
89406
89407
89408
89409
89410
89412
89413
89414
89415
89416
89418
89419
89420
89421
89422
89423
89424
89425
89428
89429
89430
89431
89432
89433
89434
89435
89443
89445
89446
89447
89448
89450
89454
89455
89460
89463
89467
89470
89471
89476
89477
89480
89481
89483
89484
89488
89489
89493
89495
89496
89497
89499
89500
89502
89503
89504
89509
89511
89512
89514
89520
89522
89523
89525
89526
89527
89528
89529
89533
89534
89535
89536
89537
89538
89540
89541
89542
89543
89545
89546
89551
89552
89553
89554
89555
89558
89568
89571
89575
89583
89588
89594
89595
89596
89597
89598
89603
89604
89606
89637
89639
89640
89641
89645
89647
89668
89672
89681
89683
89687
89690
89692
89693
89700
89702
89704
89706
89707
89708
89709
89711
89712
89714
89716
89718
89719
89735
89736
89738
89739
89741
89743
89745
89752
89757
89763
89768
89776
89778
89779
89780
89782
89783
89786
89787
89794
89795
89801
89803
89806
89807
89809
89812
89814
89819
89823
89824
89825
89826
89827
89828
89829
89830
89831
89832
89837
89839
89842
89843
89848
89849
89850
89852
89853
89854
89855
89866
89870
89872
89879
89882
89883
89885
89886
89892
89894
89917
89919
89920
89921
89922
89923
89924
89925
89926
89927
89929
89932
89936
89937
89945
89950
89951
89953
89954
89956
89957
89959
89961
89963
89965
89968
89974
89975
89976
89978
89981
89982
89983
89984
89986
89987
89988
89990
89992
90012
90013
90014
90016
90019
90020
90021
90022
90024
90025
90028
90029
90057
90059
90061
90063
90065
90072
90073
90075
90100
90101
90105
90106
90107
90108
90110
90112
90113
90114
90115
90119
90120
90121
90124
90125
90130
90397
90399
90443
90562
90576
90596
90609
90686
90739
90753
90780
90862
90863
90864
90865
90868
90869
90870
90886
90888
90889
90890
90968
90973
90974
90975
90976
90984
90989
90993
90999
91001
91011
91052
91054
91055
91067
91068
91071
91072
91079
91081
91096
91162
91167
91184
91191
91194
91195
91260
91400
91409
91697
91707
91708
91959
91960
91961
92093
92095
92096
92098
92102
92142
92147
92485
92486
92487
92491
92493
92496
92687
92696
92703
92781
92784
92986
92988
93073
93078
93080
93083
93087
93098
93107
93109
93136
93356
93392
93393
93399
93400
93404
93495
93558
93562
93655
93682
93998
94066
94111
94113
95291
95817
95821
95824
95827
95832
95933
95934
95935
95945
95960
95962
95964
95978
96032
96036
96041
96692
96693
96695
96698
96702
96703
96716
96720
96725
96726
96734
96753
96817
96818
96819
96821
96832
96861
96879
96941
97204
97208
97537
97542
97545
97812
97831
97841
98830
98831
98935
98949
98956
98957
98958
98959
98961
98967
98995
98996
98997
99129
99130
99744
99759
99764
99766
99919
99937
99940
99966
99968
99971
99972
100018
100156
100559
100561
100576
100582
100584
100589
102007
102491
103244
103245
103249
103250
103325
104501
104660
104989
105095
105141
106410
106425
107521
107834
109152
109153
110027
111014
111747
112278
113556
113719
114476
116435
117737
119999
125406
125408
125733
127945
131122
132707
138354
138754
138755
154244
154836
155911
158377
158380
158381
158394