2
3
4
5
6
7
8
9
10
11
12
13
14
15
16
17
18
19
20
21
22
23
24
25
26
27
28
29
30
31
32
33
34
35
36
37
38
39
40
41
42
43
44
45
46
47
48
49
50
51
52
53
54
55
56
57
59
60
61
63
65
66
67
68
69
70
71
72
73
74
75
76
77
78
79
80
81
82
84
85
86
87
88
89
90
91
92
93
94
95
96
97
98
99
100
101
102
103
104
105
106
107
108
109
110
111
112
113
114
115
116
117
118
119
120
121
122
123
124
125
126
127
128
129
130
132
133
134
135
137
138
139
140
141
142
143
144
145
147
148
149
150
151
152
153
154
155
156
157
158
159
160
161
162
163
164
165
166
167
168
169
170
171
173
174
175
176
177
178
179
180
181
182
183
184
185
186
187
188
189
191
193
194
195
196
197
198
200
201
202
204
205
206
208
210
211
212
213
214
215
216
217
218
219
220
221
222
223
224
225
226
227
228
229
230
231
232
233
234
235
236
237
238
239
240
241
242
243
244
245
246
247
248
249
250
251
252
253
254
255
256
257
258
259
260
261
262
263
264
265
266
267
268
269
270
271
272
273
274
275
276
277
278
279
280
281
282
283
284
285
286
287
288
289
290
291
292
293
294
295
296
298
299
300
301
302
303
304
305
306
307
308
309
310
311
312
315
316
317
318
319
320
321
323
324
325
326
327
329
330
334
335
336
337
338
339
340
341
342
343
345
346
348
349
350
352
353
357
358
359
360
361
362
363
364
365
366
367
368
369
370
371
372
375
376
377
378
379
380
381
383
385
386
387
388
389
390
391
392
393
394
395
396
397
399
400
401
402
403
406
407
408
414
415
416
417
418
419
420
421
422
423
424
425
426
427
428
429
430
431
432
433
434
435
436
437
438
439
440
441
442
443
444
445
446
447
448
449
450
451
452
453
454
455
456
457
458
459
460
461
462
463
464
465
466
467
468
469
470
472
473
474
475
476
477
478
479
480
481
482
483
484
485
486
487
488
489
490
491
492
493
494
495
496
497
498
499
500
501
502
503
504
505
506
507
508
509
510
511
512
513
514
515
516
517
518
519
520
521
522
523
525
526
527
528
529
530
531
532
533
534
535
536
537
538
539
540
541
542
543
544
545
546
547
548
549
550
551
552
553
554
555
556
557
559
560
563
564
568
569
570
571
572
573
574
576
577
580
581
582
584
585
586
587
591
595
596
597
598
599
600
601
602
604
605
606
607
610
611
618
619
620
621
622
623
624
625
626
627
648
649
650
652
653
654
656
657
658
659
660
661
663
664
665
666
667
668
669
671
672
673
674
676
677
678
679
680
681
683
685
687
688
689
690
692
694
697
698
699
700
702
705
706
707
708
709
711
713
714
715
716
721
722
725
729
730
734
740
741
742
743
744
745
746
747
748
749
750
752
759
760
762
766
767
769
772
776
777
778
780
781
782
783
784
788
790
791
792
793
794
797
799
800
810
812
813
824
826
828
829
831
833
834
835
840
841
843
844
845
846
851
853
854
856
858
860
861
862
863
865
868
871
872
875
877
881
884
885
886
893
894
895
896
899
900
901
903
907
908
909
911
912
918
919
920
924
927
929
930
932
933
934
935
936
937
938
944
947
948
949
955
958
959
960
961
964
965
966
968
970
971
972
973
974
975
976
977
978
979
980
986
987
988
989
990
992
993
994
995
996
997
998
1000
1001
1002
1003
1006
1007
1008
1009
1010
1011
1012
1013
1016
1018
1019
1020
1029
1030
1037
1039
1046
1049
1052
1053
1054
1056
1057
1058
1061
1063
1066
1067
1068
1069
1070
1071
1072
1074
1076
1078
1079
1080
1081
1082
1083
1084
1085
1086
1087
1088
1089
1090
1091
1092
1093
1094
1095
1096
1097
1098
1099
1100
1102
1103
1104
1105
1106
1107
1108
1111
1112
1113
1114
1115
1116
1117
1118
1119
1120
1122
1123
1125
1126
1127
1128
1129
1130
1131
1132
1135
1136
1137
1138
1139
1140
1141
1142
1143
1144
1145
1146
1147
1150
1151
1152
1153
1154
1155
1156
1157
1158
1160
1161
1162
1163
1165
1166
1167
1168
1169
1170
1171
1172
1173
1174
1175
1176
1178
1179
1180
1181
1189
1190
1191
1192
1193
1194
1195
1197
1200
1201
1202
1203
1204
1205
1206
1207
1209
1211
1212
1213
1214
1216
1218
1219
1221
1222
1223
1226
1227
1230
1232
1233
1237
1240
1242
1243
1244
1245
1246
1247
1251
1252
1257
1267
1276
1277
1278
1280
1284
1285
1286
1287
1290
1294
1300
1301
1303
1308
1310
1312
1313
1315
1316
1323
1326
1327
1329
1333
1336
1338
1339
1341
1342
1343
1344
1345
1346
1347
1348
1349
1350
1351
1352
1353
1354
1355
1356
1357
1358
1360
1361
1362
1363
1365
1366
1369
1373
1374
1375
1376
1377
1378
1381
1382
1384
1387
1388
1389
1390
1391
1392
1394
1395
1399
1402
1405
1408
1409
1410
1411
1412
1413
1414
1415
1416
1417
1418
1419
1423
1424
1428
1429
1430
1431
1432
1433
1434
1435
1436
1437
1438
1439
1440
1441
1442
1443
1444
1448
1449
1450
1451
1452
1453
1454
1455
1456
1457
1458
1459
1460
1461
1462
1463
1464
1465
1466
1467
1468
1469
1470
1471
1472
1473
1474
1475
1476
1477
1478
1479
1480
1481
1482
1483
1484
1485
1486
1488
1489
1490
1492
1493
1494
1496
1497
1498
1499
1501
1502
1503
1504
1505
1506
1507
1508
1509
1510
1511
1512
1518
1520
1521
1523
1525
1526
1527
1528
1529
1530
1531
1532
1533
1534
1535
1537
1538
1539
1540
1541
1542
1543
1544
1545
1546
1547
1548
1549
1550
1551
1552
1553
1554
1555
1556
1557
1558
1559
1560
1561
1562
1563
1564
1566
1567
1568
1569
1570
1571
1572
1573
1574
1575
1576
1578
1579
1580
1581
1582
1584
1585
1586
1587
1588
1589
1590
1591
1592
1593
1594
1595
1596
1597
1598
1600
1601
1602
1603
1605
1606
1607
1609
1615
1621
1623
1624
1633
1654
1667
1668
1669
1672
1673
1674
1675
1676
1677
1678
1679
1690
1691
1694
1695
1696
1697
1701
1703
1705
1706
1707
1709
1714
1715
1717
1721
1723
1724
1727
1728
1729
1730
1732
1733
1734
1735
1736
1737
1738
1739
1740
1741
1742
1743
1745
1746
1747
1748
1749
1750
1751
1752
1753
1754
1755
1756
1758
1759
1760
1761
1762
1764
1765
1766
1767
1768
1769
1770
1772
1774
1778
1779
1780
1781
1782
1783
1784
1785
1786
1787
1789
1791
1792
1793
1794
1795
1796
1797
1798
1799
1800
1801
1802
1803
1804
1805
1806
1807
1808
1809
1810
1811
1812
1813
1814
1815
1816
1817
1818
1819
1820
1821
1822
1824
1825
1826
1827
1828
1829
1830
1831
1832
1833
1834
1835
1836
1837
1839
1841
1843
1844
1846
1847
1848
1849
1850
1851
1852
1853
1854
1855
1858
1859
1863
1864
1868
1872
1873
1874
1875
1876
1877
1878
1879
1880
1881
1882
1884
1886
1887
1888
1889
1890
1891
1892
1893
1894
1895
1896
1897
1898
1899
1900
1901
1905
1912
1930
1937
1938
1956
1957
1958
1959
1961
1962
1963
1964
1966
1970
1972
1973
1982
1983
1984
1987
2006
2007
2008
2009
2010
2011
2012
2013
2015
2016
2019
2022
2024
2025
2026
2027
2028
2029
2031
2032
2033
2034
2037
2038
2039
2040
2041
2042
2043
2044
2047
2048
2049
2050
2051
2052
2053
2054
2055
2056
2057
2058
2059
2060
2061
2062
2063
2064
2065
2067
2068
2069
2070
2072
2073
2074
2075
2076
2077
2078
2079
2080
2081
2082
2083
2084
2086
2087
2088
2089
2090
2091
2092
2094
2095
2096
2097
2098
2100
2101
2103
2106
2108
2110
2112
2113
2114
2115
2116
2117
2118
2119
2120
2121
2122
2123
2124
2125
2127
2128
2129
2130
2131
2132
2133
2134
2136
2137
2140
2141
2143
2144
2145
2146
2149
2165
2173
2174
2175
2176
2177
2178
2179
2182
2185
2186
2187
2188
2189
2190
2191
2210
2211
2212
2215
2216
2218
2220
2224
2225
2257
2258
2262
2265
2270
2271
2272
2273
2274
2275
2276
2277
2278
2280
2281
2282
2291
2294
2297
2299
2300
2302
2305
2310
2312
2313
2316
2317
2322
2324
2325
2327
2328
2329
2330
2332
2334
2335
2337
2338
2339
2340
2341
2346
2347
2349
2350
2357
2386
2387
2389
2390
2391
2392
2394
2395
2397
2401
2408
2410
2413
2415
2416
2417
2419
2420
2424
2425
2426
2427
2428
2443
2444
2446
2449
2451
2452
2453
2454
2455
2458
2459
2460
2461
2463
2464
2470
2474
2475
2486
2496
2497
2498
2499
2500
2501
2503
2513
2515
2517
2520
2522
2524
2530
2531
2532
2539
2543
2550
2551
2552
2553
2554
2555
2556
2557
2558
2560
2561
2562
2563
2564
2565
2566
2567
2568
2569
2570
2571
2625
2626
2627
2629
2630
2632
2633
2634
2635
2636
2637
2638
2639
2640
2641
2642
2643
2644
2645
2646
2647
2648
2650
2651
2652
2653
2654
2655
2657
2658
2666
2668
2670
2671
2672
2673
2674
2675
2676
2677
2678
2679
2680
2681
2682
2683
2685
2686
2689
2692
2695
2711
2712
2713
2714
2716
2717
2718
2719
2720
2721
2723
2724
2725
2726
2727
2729
2741
2742
2743
2744
2745
2748
2749
2751
2755
2759
2760
2764
2765
2771
2772
2773
2774
2775
2776
2780
2781
2782
2783
2784
2785
2786
2787
2788
2789
2791
2792
2793
2794
2795
2796
2797
2798
2799
2800
2801
2802
2803
2804
2805
2806
2807
2809
2810
2827
2828
2829
2830
2841
2842
2843
2844
2866
2867
2868
2876
2877
2878
2879
2894
2895
2896
2897
2898
2899
2901
2905
2906
2907
2908
2909
2910
2911
2912
2913
2914
2915
2916
2917
2918
2919
2920
2924
2925
2926
2927
2928
2929
2931
2935
2936
2942
2943
2944
2948
2949
2950
2952
2961
2967
2968
2970
2971
2972
2973
2974
2975
2977
2982
2984
2985
2986
2987
2988
2989
2995
2996
2997
2998
2999
3001
3002
3003
3004
3005
3006
3007
3008
3009
3010
3011
3012
3013
3014
3015
3016
3017
3018
3019
3021
3022
3023
3024
3025
3026
3027
3028
3029
3030
3034
3035
3036
3037
3038
3039
3040
3042
3043
3044
3045
3046
3047
3048
3050
3051
3052
3053
3054
3055
3056
3057
3058
3059
3060
3061
3062
3063
3064
3065
3066
3067
3068
3069
3070
3072
3073
3074
3075
3077
3079
3080
3082
3083
3084
3085
3086
3087
3088
3091
3096
3097
3101
3102
3103
3110
3111
3118
3125
3127
3128
3130
3133
3142
3147
3155
3156
3160
3161
3165
3170
3171
3172
3187
3199
3202
3213
3228
3229
3230
3232
3242
3243
3244
3245
3246
3247
3248
3249
3251
3252
3253
3259
3264
3276
3277
3282
3287
3299
3303
3345
3349
3352
3355
3356
3360
3365
3366
3369
3376
3484
3485
3486
3487
3488
3489
3491
3492
3493
3494
3495
3496
3497
3498
3499
3500
3501
3502
3503
3504
3505
3506
3507
3508
3509
3510
3512
3513
3517
3518
3519
3520
3521
3522
3523
3524
3525
3526
3527
3528
3529
3530
3531
3532
3533
3534
3535
3536
3537
3538
3539
3540
3541
3542
3544
3562
3563
3577
3578
3579
3588
3589
3590
3591
3592
3593
3594
3596
3597
3598
3599
3600
3601
3630
3664
3686
3720
3721
3722
3723
3724
3725
3726
3727
3728
3730
3731
3732
3733
3734
3735
3736
3737
3738
3739
3740
3741
3742
3744
3745
3746
3747
3748
3749
3753
3754
3755
3756
3759
3761
3765
3768
3770
3781
3782
3783
3784
3785
3786
3787
3788
3789
3790
3791
3792
3793
3794
3795
3808
3809
3812
3813
3815
3816
3818
3819
3821
3822
3918
3919
3920
3921
3922
3923
3924
3925
3926
3927
3928
3930
3933
3937
3938
3939
3941
3943
3944
3945
3946
3948
3949
3950
3951
3952
3953
3954
3956
3957
3958
3959
3961
3962
3963
3964
3966
3967
3971
3972
3973
3974
3975
3976
3981
3982
3984
3985
3989
3990
3991
3992
3994
3995
3997
3998
3999
4001
4004
4006
4007
4008
4009
4010
4011
4012
4013
4014
4015
4016
4017
4018
4019
4020
4021
4022
4023
4024
4025
4026
4027
4028
4029
4030
4031
4033
4034
4058
4059
4060
4062
4063
4067
4070
4115
4116
4117
4118
4119
4120
4121
4122
4123
4124
4142
4145
4146
4147
4148
4149
4150
4151
4152
4153
4154
4155
4156
4157
4158
4159
4160
4161
4162
4163
4164
4165
4166
4168
4169
4170
4171
4173
4175
4176
4177
4178
4179
4181
4206
4216
4217
4218
4219
4220
4221
4226
4227
4228
4229
4231
4232
4233
4255
4256
4258
4259
4260
4261
4262
4263
4264
4273
4274
4275
4276
4277
4278
4279
4280
4281
4282
4283
4284
4298
4299
4317
4319
4320
4321
4335
4338
4340
4341
4345
4346
4349
4350
4400
4416
4418
4419
4437
4470
4475
4488
4489
4491
4492
4494
4500
4504
4506
4509
4510
4511
4512
4513
4519
4523
4525
4527
4528
4529
4530
4531
4532
4572
4573
4574
4575
4586
4588
4589
4595
4596
4597
4598
4599
4602
4604
4605
4612
4613
4614
4615
4617
4622
4633
4643
4654
4655
4656
4657
4658
4659
4660
4664
4669
4677
4680
4681
4694
4698
4700
4701
4702
4706
4708
4709
4710
4711
4712
4713
4714
4715
4716
4717
4718
4724
4728
4729
4750
4751
4752
4756
4758
4759
4760
4761
4762
4763
4765
4766
4767
4768
4769
4770
4771
4772
4773
4776
4778
4779
4789
4790
4791
4792
4793
4794
4795
4803
4829
4830
4833
4836
4839
4842
4845
4848
4850
4851
4854
4856
4858
4859
4861
4862
4863
4869
4870
4877
4878
4879
4880
4881
4883
4886
4887
4888
4889
4890
4891
4892
4893
4894
4895
4896
4897
4898
4899
4901
4903
4904
4906
4907
4908
4909
4910
4911
4913
4920
4925
4927
4930
4939
4940
4953
4955
4988
4989
4990
4991
4992
4993
4995
5028
5032
5037
5040
5045
5046
5059
5067
5080
5085
5086
5087
5089
5097
5099
5115
5117
5118
5119
5120
5121
5122
5124
5125
5126
5139
5141
5143
5144
5145
5146
5147
5149
5150
5151
5152
5153
5154
5155
5156
5157
5158
5159
5164
5179
5180
5182
5184
5187
5188
5192
5194
5201
5202
5203
5204
5205
5206
5207
5209
5210
5211
5212
5213
5215
5216
5218
5220
5221
5223
5225
5226
5227
5228
5229
5230
5231
5232
5233
5234
5235
5237
5238
5239
5240
5241
5242
5255
5273
5275
5280
5281
5289
5290
5292
5293
5295
5296
5297
5298
5299
5301
5304
5306
5310
5311
5312
5313
5314
5315
5316
5320
5321
5322
5324
5347
5349
5350
5367
5369
5375
5376
5378
5379
5389
5390
5395
5467
5468
5469
5471
5472
5473
5474
5475
5476
5477
5478
5479
5480
5481
5482
5483
5484
5515
5588
5590
5591
5592
5595
5596
5601
5602
5603
5606
5625
5626
5627
5629
5646
5647
5648
5649
5650
5651
5652
5654
5655
5656
5657
5658
5659
5663
5675
5676
5677
5811
5812
5813
5814
5815
5816
5817
5818
5819
5821
5822
5823
5824
5825
5826
5827
5828
5829
5830
5831
5832
5833
5834
5837
5838
5839
5840
5841
5842
5843
5844
5845
5846
5847
5879
5881
5888
5889
5890
5891
5936
5939
5944
5946
5947
6014
6015
6017
6018
6019
6020
6022
6023
6024
6025
6026
6028
6039
6068
6069
6070
6071
6072
6073
6075
6097
6104
6107
6111
6112
6113
6114
6115
6156
6163
6164
6165
6167
6168
6179
6184
6187
6191
6202
6209
6210
6222
6227
6228
6229
6230
6236
6242
6244
6245
6246
6252
6257
6261
6266
6269
6271
6272
6274
6275
6276
6277
6278
6279
6280
6281
6282
6283
6284
6286
6287
6288
6289
6290
6292
6293
6294
6295
6296
6299
6300
6301
6309
6316
6322
6323
6326
6330
6332
6333
6335
6339
6347
6348
6349
6351
6352
6358
6359
6362
6381
6383
6385
6388
6391
6402
6410
6411
6413
6414
6415
6429
6434
6435
6436
6437
6439
6441
6442
6444
6449
6450
6453
6454
6455
6456
6457
6458
6459
6461
6462
6464
6465
6467
6471
6476
6477
6479
6480
6481
6484
6485
6486
6489
6491
6492
6493
6495
6496
6502
6510
6515
6519
6526
6528
6536
6538
6540
6547
6553
6559
6572
6584
6590
6631
6632
6633
6684
6685
6687
6688
6689
6690
6691
6692
6693
6694
6695
6696
6697
6698
6699
6700
6701
6702
6703
6705
6706
6707
6708
6709
6710
6711
6712
6713
6714
6715
6721
6722
6723
6724
6725
6726
6727
6733
6747
6748
6749
6750
6751
6755
6769
6770
6771
6772
6773
6774
6777
6782
6783
6805
6806
6807
6808
6809
6814
6817
6818
6822
6825
6835
6838
6839
6840
6935
6938
6942
6943
6953
7015
7016
7020
7021
7030
7040
7079
7128
7129
7130
7131
7132
7134
7135
7136
7137
7138
7139
7140
7141
7144
7145
7146
7147
7148
7149
7151
7152
7153
7154
7155
7158
7160
7161
7162
7163
7165
7167
7168
7169
7170
7171
7173
7174
7175
7182
7184
7185
7208
7209
7212
7213
7214
7215
7217
7221
7222
7223
7224
7225
7226
7227
7228
7229
7230
7231
7232
7233
7234
7261
7262
7263
7264
7265
7266
7267
7268
7269
7271
7272
7273
7277
7278
7279
7281
7287
7293
7308
7311
7315
7319
7330
7353
7355
7356
7357
7358
7359
7361
7362
7363
7368
7369
7370
7371
7372
7373
7374
7376
7377
7379
7380
7381
7382
7383
7384
7385
7386
7388
7393
7395
7520
7521
7522
7523
7526
7528
7531
7532
7534
7536
7537
7538
7539
7540
7542
7543
7544
7546
7548
7550
7552
7553
7554
7555
7565
7566
7571
7572
7573
7579
7580
7587
7590
7594
7596
7619
7620
7635
7639
7640
7651
7657
7662
7663
7664
7695
7706
7707
7708
7710
7714
7720
7723
7724
7730
7731
7755
7771
7778
7781
7812
7826
7871
7900
7907
7919
7964
7978
8043
8068
8076
8094
8207
8308
8377
8388
8429
8430
8431
8432
8433
8475
8492
8549
8551
8571
8740
8763
8764
8766
8767
8768
8769
8770
8771
8772
8773
8774
8775
8776
8783
8785
8790
8813
8860
8949
8970
8979
8989
9042
9049
9072
9073
9114
9128
9138
9153
9210
9234
9255
9258
9261
9265
9266
9302
9322
9344
9349
9407
9408
9409
9444
9445
9446
9448
9451
9484
9485
9486
9488
9490
9491
9510
9515
9517
9518
9519
9521
9522
9532
9533
9534
9535
9539
9540
9553
9566
9576
9578
9579
9581
9586
9590
9592
9597
9602
9610
9612
9613
9621
9630
9636
9637
9639
9643
9644
9645
9646
9647
9648
9650
9651
9652
9653
9654
9655
9656
9657
9658
9659
9660
9661
9662
9663
9665
9682
9685
9688
9690
9691
9693
9695
9696
9697
9701
9702
9703
9704
9706
9707
9708
9710
9711
9712
9714
9715
9716
9717
9718
9719
9721
9722
9724
9726
9727
9734
9736
9739
9740
9743
9746
9751
9752
9754
9755
9756
9757
9758
9759
9762
9763
9768
9769
9770
9772
9779
9780
9782
9787
9788
9789
9790
9819
9894
10038
10044
10045
10103
10111
10112
10113
10144
10146
10148
10149
10150
10151
10162
10163
10164
10165
10181
10189
10198
10203
10207
10241
10243
10244
10245
10264
10265
10266
10282
10303
10307
10309
10324
10335
10336
10337
10382
10384
10388
10389
10390
10396
10407
10414
10455
10456
10461
10462
10468
10469
10487
10491
10500
10514
10515
10545
10561
10562
10563
10565
10630
10631
10633
10635
10640
10641
10642
10648
10664
10667
10668
10669
10673
10678
10692
10704
10706
10708
10709
10711
10715
10727
10728
10730
10732
10745
10772
10773
10774
10775
10776
10785
10786
10789
10802
10803
10804
10807
10813
10814
10829
10831
10833
10835
10862
10916
10920
10935
10942
10950
10952
10971
10975
10989
10990
11011
11012
11191
11313
11346
11351
11520
11642
11643
11732
11734
11735
11737
11812
11828
11859
11863
11883
11889
11895
11922
11923
11988
11992
11996
12001
12019
12053
12057
12065
12067
12068
12128
12148
12157
12159
12164
12167
12173
12180
12185
12189
12190
12219
12221
12222
12230
12308
12325
12328
12330
12333
12360
12474
12481
12482
12493
12496
12509
12567
12586
12599
12662
12663
12690
12798
12800
12816
12821
12844
12846
12847
12858
12859
12903
12910
13000
13010
13011
13012
13013
13029
13059
13060
13083
13098
13099
13110
13121
13195
13197
13198
13208
13210
13255
13271
13290
13295
13307
13314
13362
13434
13460
13464
13465
13466
13517
13676
13747
13898
13901
14004
14009
14122
14123
14126
14127
14128
14160
14174
14214
14249
14271
14304
14330
14335
14338
14339
14340
14341
14342
14343
14345
14346
14347
14352
14353
14354
14356
14362
14542
14614
14617
14619
14629
14632
14636
14648
14651
14712
14716
14729
14737
14742
14747
14749
14774
14778
14791
14792
14846
14850
14852
14863
14871
14902
15157
15159
15161
15171
15337
15368
15372
15379
15389
15390
15464
15468
15469
15477
15480
15484
15485
15488
15489
15490
15491
15497
15509
15517
15518
15527
15538
15540
15552
15553
15554
15557
15560
15561
15564
15571
15577
15579
15589
15591
15592
15594
15686
15752
16154
16201
16569
16573
16576
16578
16581
16587
16610
16615
16620
16632
16635
16637
16639
16642
16643
16660
16670
16672
16674
16685
16687
16724
16752
16777
16783
16786
16788
16789
16793
16795
16796
16807
16816
16817
16823
16897
16939
16988
16992
16998
17065
17085
17088
17090
17095
17104
17147
17149
17152
17153
17203
17210
17252
17255
17259
17261
17262
17263
17264
17267
17269
17272
17278
17282
17283
17284
17367
17391
17393
17414
17420
17423
17428
17429
17432
17438
17441
17538
17541
17542
17546
17549
17551
17552
17555
17561
17576
17586
17634
17637
17639
17643
17648
17649
17650
17651
17654
17661
17662
17665
17704
17714
17720
17728
17880
17881
17885
17887
17888
17900
17905
17906
17998
18006
18008
18010
18014
18015
18018
18019
18020
18021
18022
18024
18025
18026
18027
18030
18032
18033
18035
18036
18038
18039
18041
18045
18057
18059
18117
18140
18146
18258
18260
18379
18381
18383
18385
18386
18388
18564
18575
18655
18897
18928
18935
18938
18942
18951
18952
18953
18961
18967
18974
18986
18996
19008
19048
19100
19211
19254
19274
19299
19300
19301
19302
19303
19304
19452
19453
19454
19627
19629
19630
19631
19632
19635
19747
19748
19749
19754
19756
19757
19758
19762
19769
19771
19772
19773
19774
19775
19784
19785
19786
19787
19791
19800
19841
19843
19844
19845
19846
19892
19893
19895
19898
20003
20097
20104
20147
20290
20378
20384
20397
20399
20401
20448
20454
20466
20484
20485
20511
20581
20584
20724
20751
20822
20832
20841
20880
20910
20913
20914
20915
20917
20964
20970
20973
20974
20975
20976
20980
21091
21192
21199
21208
21210
21212
21232
21243
21252
21255
21258
21271
21273
21278
21280
21283
21284
21287
21289
21327
21328
21330
21335
21338
21344
21352
21354
21363
21366
21370
21371
21372
21503
21504
21520
21523
21528
21537
21546
21570
21571
21583
21586
21588
21589
21590
21597
21616
21635
21646
21648
21668
21671
21673
21701
21704
21711
21713
21743
21748
21750
21754
21756
21764
21908
21921
21939
21978
22016
22133
22143
22268
22307
22389
22423
22426
22563
22566
22567
22572
22575
22582
22679
22682
23097
23174
23193
23206
24099
24103
24119
24120
24122
24123
24124
24125
24133
24148
24153
24155
24160
24163
24164
24180
24182
24186
24191
24198
24200
24202
24209
24304
24309
24317
24327
24332
24333
24347
24360
24361
24364
24375
24380
24390
24396
24399
24410
24488
24489
24494
24498
24499
24500
24506
24508
24509
24511
24608
24622
24627
24628
24632
24635
24640
24641
24643
24644
24645
24652
24683
24690
24691
24692
24697
24699
24701
24896
24936
25228
25236
25612
25632
25636
25637
25659
25680
25690
25726
26504
26520
27048
27063
27097
27099
27111
27121
27124
27139
27151
27190
27230
27235
27257
27268
27269
27275
27277
27283
27289
27295
27301
27304
27307
27308
27331
27333
28032
28169
28738
28781
28942
28946
28962
28965
28966
28971
28974
28975
28987
29039
29042
29044
29046
29047
29048
29049
29050
29070
29766
29767
29768
29769
29770
30278
30329
30512
30525
31208
31210
31612
32203
32493
32571
32679
32892
33063
33236
33263
33307
33402
33741
33773
33774
33775
33786
33793
33797
33800
33822
33830
34011
34238
34339
34624
35077
36235
36407
36529
37219
37234
37259
37280
37281
37294
37297
37308
37353
37378
37379
37401
37403
37427
37445
37446
37447
37464
37494
37495
37606
37717
37719
37748
37756
37996
38000
38134
38195
38289
38515
39009
39293
39368
39387
40634
40646
40700
40721
40722
40732
40936
40942
40943
40963
41031
41073
41074
41080
41089
41111
41119
41126
41134
41249
41261
41287
41293
41295
41417
41483
41485
41508
41519
41834
41868
41886
41947
42001
42014
42072
42185
42186
43007
43050
43058
44537
44591
45349
45363
45364
45368
45460
45987
45992
46157
46163
46186
46341
46501
46625
46626
46959
47124
47307
47830
48008
48539
50303
51244
53723
55807
56961
58275
58639
61639
61988
63296
65036
65240
66265
66973
69890
69912
71333
84019
92666
95151
97547
116380
123853
124640
128172
130112
144892